AirTemp WindSpd WindGst WindDir
ID Year DOY  UTC     C      m/s     m/s     deg
1 2016 194 2356   28.9     5.0     5.9     253
1 2016 194 2358   28.9     5.7     7.3     264
1 2016 195 0000   28.9     5.6     6.4     255
1 2016 195 0002   28.9     5.6     6.9     254
1 2016 195 0004   28.9     5.0     6.4     236
1 2016 195 0006   28.6     7.6    10.2     235
1 2016 195 0008   28.7     8.1    10.0     246
1 2016 195 0010   28.7     5.7     7.4     255
1 2016 195 0012   28.7     6.2     7.9     249
1 2016 195 0014   28.8     5.3     6.6     255
1 2016 195 0016   28.7     7.6     9.2     266
1 2016 195 0018   28.8     6.6     8.7     255
1 2016 195 0020   28.7     5.7     8.4     248
1 2016 195 0022   28.7     6.1     7.6     256
1 2016 195 0024   28.6     6.7     8.6     253
1 2016 195 0026   28.6     7.0     8.3     260
1 2016 195 0028   28.7     6.2     7.7     268
1 2016 195 0030   28.6     6.7     7.6     274
1 2016 195 0032   28.5     7.6     8.7     277
1 2016 195 0034   28.5     6.5     7.8     276
1 2016 195 0036   28.5     5.9     7.4     267
1 2016 195 0038   28.5     6.7     9.1     268
1 2016 195 0040   28.5     5.8     7.0     261
1 2016 195 0042   28.5     5.7     7.1     255
1 2016 195 0044   28.5     7.8    10.2     267
1 2016 195 0046   28.5     6.6     8.6     248
1 2016 195 0048   28.4     5.9     7.1     254
1 2016 195 0050   28.4     6.0     7.8     253
1 2016 195 0052   28.3     5.2     6.2     257
1 2016 195 0054   28.3     5.3     6.5     253
1 2016 195 0056   28.2     5.7     8.0     248
1 2016 195 0058   28.1     7.8     9.7     251
1 2016 195 0100   28.2     8.0     9.5     254
1 2016 195 0102   28.1     6.7     8.4     251
1 2016 195 0104   28.0     6.4     8.4     256
1 2016 195 0106   27.9     5.6     6.6     252
1 2016 195 0108   27.9     5.9     7.0     237
1 2016 195 0110   27.8     6.2     7.4     243
1 2016 195 0112   27.8     7.3     8.6     231
1 2016 195 0114   27.9     6.2     7.3     238
1 2016 195 0116   27.8     5.3     7.1     246
1 2016 195 0118   27.6     5.3     6.5     249
1 2016 195 0120   27.8     5.9     6.6     258
1 2016 195 0122   27.7     6.9     7.9     234
1 2016 195 0124   27.6     6.8     8.3     229
1 2016 195 0126   27.4     7.1     8.4     229
1 2016 195 0128   27.4     7.2     8.5     227
1 2016 195 0130   27.4     7.6     9.4     237
1 2016 195 0132   27.4     7.8     9.1     242
1 2016 195 0134   27.4     7.7     9.4     238
1 2016 195 0136   27.3     7.2     8.5     242
1 2016 195 0138   27.1     6.2     7.8     232
1 2016 195 0140   27.1     6.6     7.8     230
1 2016 195 0142   27.1     6.7     7.9     231
1 2016 195 0144   27.1     8.4     9.8     244
1 2016 195 0146   27.2     6.2     7.5     242
1 2016 195 0148   26.9     5.7     6.5     236
1 2016 195 0150   27.0     5.9     7.0     245
1 2016 195 0152   27.0     5.5     6.7     243
1 2016 195 0154   26.7     5.3     6.0     243
